[array([ 0.15617376, -0.44627351, -0.97646729, -0.88037342, -0.9743547 ,
       -1.99109102,  1.57094016,  0.57056374, -0.33642839, -1.38271963,
       -1.75733243,  6.40312424, -0.19245009,  0.        , -0.36760731,
        2.09820978,  1.62585963, -0.37799509]), array([ 0.15617376, -0.33947301, -0.97646729,  0.96610266,  1.75383847,
       -0.42843901, -0.63334066, -0.91886958, -0.45823866,  1.693042  ,
       -1.75733243, -0.15617376, -0.19245009,  0.        ,  2.7202941 ,
       -0.37987965, -2.15435055, -2.0827005 ]), array([ 0.15617376, -0.33947301, -0.97646729,  0.59680745,  1.75383847,
        0.36376897,  1.04965753,  0.59756253, -0.13341126,  1.3085718 ,
        1.0147976 , -0.15617376, -0.19245009,  0.        , -0.36760731,
        0.17679261, -0.69373884, -0.99261677]), array([ 0.15617376, -1.62107898,  1.02409984, -1.80361145, -0.9743547 ,
       -1.09876884, -0.88653508,  0.10258469, -0.70185922, -0.53688518,
       -1.75733243, -0.15617376, -0.19245009,  0.        , -0.36760731,
        0.98845669,  0.5429347 , -0.43597827]), array([ 0.15617376,  0.08772898, -0.97646729, -0.23410679, -0.06495698,
       -1.05959372,  2.15179794, -1.03586434,  0.71926069,  0.50118437,
       -1.75733243, -0.15617376,  5.19615242,  0.        , -0.36760731,
        0.04750099, -1.20512006, -1.44488555]), array([ 0.15617376,  0.83533246,  1.02409984, -0.14178298, -0.9743547 ,
       -0.53725879,  1.10923269, -1.24735487,  0.43503671,  0.61652543,
        0.32176509, -0.15617376, -0.19245009,  0.        , -0.36760731,
       -0.55226848, -1.46248184, -1.09698649]), array([ 0.15617376,  0.62173147,  1.02409984,  0.13518843, -0.9743547 ,
       -1.72121797, -0.06737667,  0.12508369,  3.27727652, -1.22893154,
       -1.75733243, -0.15617376,  5.19615242,  0.        , -0.36760731,
        1.51998891,  1.16127146, -0.2929531 ]), array([ 0.15617376,  0.51493097,  1.02409984, -0.4187544 , -0.06495698,
       -0.24126899, -0.46950898, -0.40139275, -1.27030718, -0.19086199,
       -0.37126742, -0.15617376, -0.19245009,  0.        , -0.36760731,
       -0.12129641, -0.13222221, -0.02236494]), array([ 0.15617376, -0.44627351, -0.97646729,  0.04286462, -0.9743547 ,
       -0.0410406 ,  1.85392216, -1.10786112,  0.06960587, -1.69029579,
        0.32176509, -0.15617376, -0.19245009,  0.        , -0.36760731,
       -0.8503575 ,  0.64654788,  1.66301274]), array([ 0.15617376, -0.33947301, -0.97646729, -1.15734483,  0.84444074,
        0.53788062, -0.78227855,  1.16903695,  0.39443328,  0.11671417,
       -0.37126742, -0.15617376, -0.19245009,  0.        , -0.36760731,
        0.48924737,  0.76687288,  0.36032403]), array([ 0.15617376,  0.19452948, -0.97646729, -0.69572581, -0.06495698,
       -1.42958097, -0.87164129,  0.22857905,  0.59745041, -0.15241497,
       -0.37126742, -0.15617376, -0.19245009,  0.        , -0.36760731,
        1.36196582,  0.30228471, -1.11631421]), array([ 0.15617376, -0.8734755 ,  1.02409984,  0.31983603,  1.75383847,
       -0.46761413,  0.46879975, -1.09886152,  0.1102093 ,  0.80876054,
        1.0147976 , -0.15617376, -0.19245009,  0.        , -0.36760731,
       -0.4912141 , -1.51930198, -1.22841502]), array([ 0.15617376, -1.08707649, -0.97646729, -0.78804961, -0.9743547 ,
        0.71199226,  2.3454172 , -0.08190705, -0.49884209,  1.92372413,
        1.0147976 , -0.15617376, -0.19245009,  0.        , -0.36760731,
       -0.65282863, -1.73321308, -1.30186038]), array([ 1.56173762e-01, -1.25872015e-01,  1.02409984e+00, -3.26430592e-01,
       -9.74354704e-01, -1.49860380e-01, -8.22704553e-02, -9.86366557e-01,
        1.40951893e+00,  1.37310787e-03,  3.21765093e-01, -1.56173762e-01,
       -1.92450090e-01,  0.00000000e+00, -3.67607311e-01, -6.63602935e-01,
       -7.33847168e-01, -1.34465749e-01]), array([ 0.15617376, -1.30067749,  1.02409984, -0.14178298, -0.9743547 ,
        0.0068401 , -0.58865929, -1.58483977,  1.5313292 , -1.45961367,
        1.0147976 , -0.15617376, -0.19245009,  0.        , -0.36760731,
       -1.27055528,  0.09171597,  1.47360103]), array([ 0.15617376,  2.97134241, -0.97646729,  3.36652156, -0.9743547 ,
       -1.76039309,  1.16880785,  0.62006153, -0.25522153, -0.03707391,
       -1.75733243,  6.40312424, -0.19245009,  0.        , -0.36760731,
        1.94736956,  0.49279928, -1.526062  ]), array([ 0.15617376, -0.12587201, -0.97646729, -0.603402  ,  0.84444074,
        0.29412431, -0.49929656, -0.60388368, -0.74246264, -0.72912028,
       -0.37126742, -0.15617376, -0.19245009,  0.        , -0.36760731,
       -0.72465731,  0.18530208,  0.99427343]), array([ 0.15617376,  2.97134241, -0.97646729, -0.69572581, -0.9743547 ,
       -0.35444156, -0.46950898, -0.00991027, -0.58004894, -1.72874281,
        1.0147976 , -0.15617376, -0.19245009,  0.        , -0.36760731,
        0.28453563,  1.49550755,  1.42334894]), array([ 0.15617376, -1.30067749, -0.97646729,  0.59680745, -0.9743547 ,
        1.19950486, -1.08015434,  1.0025444 , -1.75754829,  0.53963139,
        1.0147976 , -0.15617376, -0.19245009,  0.        , -0.36760731,
       -0.18953365,  0.27554582,  0.52267692]), array([ 0.15617376, -0.6598745 ,  1.02409984, -0.78804961,  0.84444074,
        0.26365478,  2.56882404,  0.66955931, -0.13341126,  0.9241016 ,
        1.0147976 , -0.15617376, -0.19245009,  0.        , -0.36760731,
        0.31685854, -0.30602497, -0.69496979]), array([ 0.15617376, -0.01907152, -0.97646729,  2.81257874,  1.75383847,
        1.55643374,  0.3943308 ,  0.20158026,  0.02900245,  0.19360821,
       -1.75733243, -0.15617376, -0.19245009,  0.        ,  2.7202941 ,
       -1.12330648, -0.01858194,  1.18755069]), array([ 0.15617376,  0.19452948, -0.97646729,  0.50448364, -0.06495698,
       -1.25546932,  0.9602948 , -1.55784097, -0.58004894, -0.07552093,
        0.32176509, -0.15617376, -0.19245009,  0.        , -0.36760731,
       -0.20749082, -1.09147978, -1.03900331]), array([ 0.15617376, -0.01907152, -0.97646729, -0.97269722, -0.06495698,
        1.80454283, -1.24398602,  0.59756253, -1.02668663,  1.07788968,
        1.0147976 , -0.15617376, -0.19245009,  0.        , -0.36760731,
       -1.01197203, -0.49319718,  0.51881138]), array([ 0.15617376,  3.07814291,  1.02409984, -0.32643059, -0.9743547 ,
       -0.16291875,  0.73688796,  1.47502325, -0.37703181, -0.07552093,
        1.0147976 , -0.15617376, -0.19245009,  0.        , -0.36760731,
        1.31168575,  1.16127146, -0.06875148]), array([ 0.15617376, -0.01907152, -0.97646729,  0.04286462, -0.06495698,
       -0.34138319, -0.79717234, -0.20790141,  0.19141615, -0.7675673 ,
       -0.37126742, -0.15617376, -0.19245009,  0.        , -0.36760731,
        0.11573824,  0.51285345,  0.46855929]), array([ 0.15617376,  0.19452948,  1.02409984, -0.04945918, -0.9743547 ,
       -0.95077394, -0.87164129, -1.55784097,  0.1102093 , -1.3442726 ,
        0.32176509, -0.15617376, -0.19245009,  0.        , -0.36760731,
       -0.4588912 ,  0.01149931,  0.50721474]), array([ 0.15617376,  0.72853196,  1.02409984,  2.81257874, -0.06495698,
       -0.06715735,  0.05177365, -0.33389577, -0.29582496, -0.30620306,
       -1.75733243, -0.15617376, -0.19245009,  0.        ,  2.7202941 ,
       -0.21108226,  0.01818403,  0.24822322]), array([ 0.15617376, -0.01907152,  1.02409984,  0.96610266,  1.75383847,
        0.42906084, -0.54397792,  1.37152789, -1.02668663,  0.34739629,
        0.32176509, -0.15617376, -0.19245009,  0.        , -0.36760731,
        0.74064774,  0.71673746,  0.03175269]), array([ 0.15617376, -0.553074  , -0.97646729,  2.81257874, -0.06495698,
        0.23318524,  1.13902027,  0.26007764,  0.31322643,  0.27050225,
       -1.75733243, -0.15617376, -0.19245009,  0.        ,  2.7202941 ,
        0.01517808, -0.04197846, -0.06488594]), array([ 0.15617376, -0.23267251,  1.02409984, -0.88037342, -0.06495698,
       -0.68960648, -0.33546487, -0.72087844, -0.37703181,  0.07826715,
        0.32176509, -0.15617376, -0.19245009,  0.        , -0.36760731,
       -0.00637052, -0.60349509, -0.69110425]), array([ 0.15617376, -0.33947301,  1.02409984,  0.04286462, -0.06495698,
        0.03730964, -0.46950898,  0.57056374, -0.29582496,  0.27050225,
        0.32176509, -0.15617376, -0.19245009,  0.        , -0.36760731,
        0.42460156,  0.18864444, -0.23883547]), array([ 0.15617376, -0.33947301,  1.02409984, -0.78804961,  0.84444074,
        1.56513932, -0.51419035,  0.74605589, -0.78306607,  1.693042  ,
        1.0147976 , -0.15617376, -0.19245009,  0.        , -0.36760731,
       -0.69592584, -0.91767702, -0.31228083]), array([ 0.15617376, -0.12587201,  1.02409984, -0.78804961,  0.84444074,
        0.34635781, -0.87164129, -0.06390785, -0.01160098,  0.23205523,
        1.0147976 , -0.15617376, -0.19245009,  0.        , -0.36760731,
       -0.33678244, -0.24920484,  0.07427369]), array([ 0.15617376, -0.44627351, -0.97646729,  1.70469309, -0.06495698,
        0.92963182, -0.7227034 , -0.64438187, -0.74246264,  0.03982013,
        1.0147976 , -0.15617376, -0.19245009,  0.        , -0.36760731,
       -1.28132958, -0.51325135,  0.78553399]), array([ 0.15617376,  0.19452948,  1.02409984,  0.59680745, -0.9743547 ,
       -1.05088814,  0.8113569 , -1.7873307 ,  3.5615005 , -0.9598024 ,
        0.32176509, -0.15617376, -0.19245009,  0.        , -0.36760731,
       -0.55945135, -0.49319718,  0.03175269]), array([ 0.15617376, -0.01907152, -0.97646729, -0.14178298,  0.84444074,
       -0.49808367, -0.64823445, -0.34289536, -0.01160098, -0.11396795,
       -1.75733243, -0.15617376, -0.19245009,  0.        , -0.36760731,
        0.13728684, -0.15561873, -0.32774301]), array([ 0.15617376, -0.766675  ,  1.02409984, -1.24966863, -0.9743547 ,
        0.23753803,  2.73265573, -0.8558724 ,  1.08469152,  0.15516119,
       -0.37126742, -0.15617376, -0.19245009,  0.        , -0.36760731,
       -0.87908897, -0.77061314,  0.05494596]), array([ 0.15617376,  0.19452948, -0.97646729,  0.41215984,  1.75383847,
       -0.62431461, -0.20142077, -0.74787723, -0.62065237, -0.03707391,
        0.32176509, -0.15617376, -0.19245009,  0.        , -0.36760731,
       -0.08179063, -0.52327843, -0.51715472]), array([ 0.15617376,  1.04893346, -0.97646729,  0.04286462, -0.06495698,
       -0.81148463, -0.5737655 , -1.26985387,  0.15081272, -0.03707391,
        0.32176509, -0.15617376, -0.19245009,  0.        , -0.36760731,
       -0.34396531, -0.9109923 , -0.68337316]), array([ 0.15617376,  0.51493097, -0.97646729,  1.8893407 , -0.06495698,
        0.72069784,  0.37943701,  1.12853876, -0.13341126,  0.07826715,
        0.32176509, -0.15617376, -0.19245009,  0.        , -0.36760731,
        0.30608424,  0.77021524,  0.56133238]), array([ 0.15617376,  0.40813047, -0.97646729, -0.23410679, -0.9743547 ,
        0.79904808, -0.06737667,  1.25453312,  1.57193263,  0.46273735,
        1.0147976 , -0.15617376, -0.19245009,  0.        , -0.36760731,
        0.34199857,  0.52956525,  0.24435767]), array([ 0.15617376, -0.6598745 , -0.97646729, -0.23410679,  1.75383847,
        0.5944669 , -0.87164129, -0.45089053, -1.02668663,  0.9241016 ,
        1.0147976 , -0.15617376, -0.19245009,  0.        , -0.36760731,
       -0.8503575 , -1.13827284, -0.40118836]), array([ 1.56173762e-01,  6.21731467e-01,  1.02409984e+00, -1.15734483e+00,
        1.75383847e+00, -8.33248584e-01, -3.35464874e-01, -8.60372198e-01,
        4.35036706e-01,  1.16714169e-01,  3.21765093e-01, -1.56173762e-01,
       -1.92450090e-01,  0.00000000e+00, -3.67607311e-01,  8.12348159e-04,
       -7.40531890e-01, -8.57322689e-01]), array([ 0.15617376, -0.8734755 , -0.97646729, -0.78804961, -0.06495698,
        1.9177154 ,  1.45178985, -0.59038428, -0.90487635, -0.15241497,
        1.0147976 , -0.15617376, -0.19245009,  0.        , -0.36760731,
       -2.05348788, -0.30602497,  1.85629   ]), array([ 0.15617376, -0.01907152,  1.02409984,  0.22751223, -0.06495698,
       -0.17597713, -0.90142887,  4.78687499, -0.74246264, -0.65222624,
       -0.37126742, -0.15617376, -0.19245009,  0.        , -0.36760731,
        3.96575544,  4.12260322,  0.49948365]), array([ 0.15617376,  0.40813047, -0.97646729, -0.603402  , -0.06495698,
        0.50305829, -0.54397792,  0.97104581, -0.78306607, -0.45999114,
        0.32176509, -0.15617376, -0.19245009,  0.        , -0.36760731,
        0.35995574,  1.12116313,  0.90923144]), array([ 0.15617376,  0.51493097, -0.97646729, -0.23410679, -0.06495698,
       -2.50472037,  0.21560533,  1.37152789, -0.0522044 ,  0.73186649,
       -1.75733243, -0.15617376,  5.19615242,  0.        , -0.36760731,
        3.16127424,  0.38250137, -2.96017924]), array([ 0.15617376, -1.51427848,  1.02409984,  0.96610266, -0.06495698,
        2.33123055, -0.64823445,  0.49406717, -0.9860832 ,  1.3085718 ,
       -1.75733243, -0.15617376, -0.19245009,  0.        ,  2.7202941 ,
       -1.52913852, -0.77061314,  0.75460963]), array([ 0.15617376, -0.8734755 , -0.97646729,  1.8893407 , -0.06495698,
       -1.32076119,  3.06031909,  0.48956737,  0.84107096,  0.88565458,
       -1.75733243, -0.15617376, -0.19245009,  0.        ,  2.7202941 ,
        1.48048314, -0.4062958 , -2.06337277]), array([ 0.15617376, -0.01907152, -0.97646729,  0.04286462, -0.9743547 ,
       -0.61996182, -0.76738476, -0.48238912, -0.49884209, -0.69067326,
        0.32176509, -0.15617376, -0.19245009,  0.        , -0.36760731,
        0.12651254,  0.24212222,  0.1438535 ]), array([ 0.15617376, -0.33947301, -0.97646729, -0.88037342, -0.06495698,
        0.08519034, -1.18441087,  0.49856697, -0.09280783,  1.23167776,
       -0.37126742, -0.15617376, -0.19245009,  0.        , -0.36760731,
        0.32763284, -0.70042356, -1.16270076]), array([ 0.15617376, -1.40747798, -0.97646729,  0.13518843, -0.9743547 ,
       -0.73748718, -0.5737655 ,  0.03058792,  1.85615661, -2.38234215,
        0.32176509, -0.15617376, -0.19245009,  0.        , -0.36760731,
        0.63290473,  2.09379015,  1.74032364]), array([ 0.15617376, -0.12587201,  1.02409984, -0.69572581,  0.84444074,
       -1.06394651, -0.24610214, -1.42284702,  0.02900245, -0.45999114,
       -0.37126742, -0.15617376, -0.19245009,  0.        , -0.36760731,
       -0.2577709 , -0.65697287, -0.48236481]), array([ 0.15617376,  0.72853196, -0.97646729, -0.5110782 , -0.06495698,
       -0.16727154, -0.42482761, -0.17640282,  0.75986411, -0.34465008,
        0.32176509, -0.15617376, -0.19245009,  0.        , -0.36760731,
       -0.00277909,  0.16859028,  0.19797113]), array([ 0.15617376,  0.51493097, -0.97646729, -0.5110782 , -0.9743547 ,
       -0.0889213 ,  0.99008238,  1.59201802, -0.33642839,  0.03982013,
        0.32176509, -0.15617376, -0.19245009,  0.        , -0.36760731,
        1.34400865,  1.14790202, -0.11900357]), array([ 0.15617376,  0.72853196,  1.02409984,  0.41215984, -0.9743547 ,
       -0.75925114,  2.24116068, -0.58138469,  1.93736346, -1.03669644,
        0.32176509, -0.15617376, -0.19245009,  0.        , -0.36760731,
        0.16242688,  0.46940276,  0.36805512]), array([ 1.56173762e-01, -1.94148047e+00, -9.76467292e-01,  4.12159839e-01,
       -6.49569802e-02, -2.15152246e-01,  1.49647121e+00, -3.33895767e-01,
       -6.61255793e-01, -1.90861994e-01,  1.01479760e+00, -1.56173762e-01,
       -1.92450090e-01,  0.00000000e+00, -3.67607311e-01, -8.89735009e-02,
       -8.20867921e-02,  8.28331101e-04]), array([ 0.15617376,  0.08772898, -0.97646729, -0.04945918,  1.75383847,
        1.74360375, -0.87164129,  0.00358913, -0.58004894,  0.07826715,
        1.0147976 , -0.15617376, -0.19245009,  0.        , -0.36760731,
       -1.43576124, -0.06537499,  1.46973548]), array([ 0.15617376,  0.94213296,  1.02409984, -0.5110782 , -0.9743547 ,
       -0.86807091, -0.32057108,  0.33657422,  0.75986411, -0.11396795,
        0.32176509, -0.15617376, -0.19245009,  0.        , -0.36760731,
        0.98486525,  0.34907776, -0.65631434]), array([ 0.15617376,  1.68973644,  1.02409984, -0.69572581, -0.9743547 ,
        0.46823596, -0.7227034 ,  0.68755851, -0.37703181,  0.27050225,
        1.0147976 , -0.15617376, -0.19245009,  0.        , -0.36760731,
        0.16242688,  0.27554582,  0.1438535 ]), array([ 0.15617376,  1.47613545, -0.97646729, -0.4187544 , -0.9743547 ,
        0.16354058, -0.39504003,  0.41757059, -1.06729005, -0.61377922,
        1.0147976 , -0.15617376, -0.19245009,  0.        , -0.36760731,
        0.19834122,  0.84374718,  0.76234072]), array([-6.40312424,  2.33053942,  1.02409984, -0.69572581, -0.9743547 ,
       -1.80827379, -0.58865929, -1.85932748,  0.15081272, -1.88253089,
       -0.37126742, -0.15617376, -0.19245009,  0.        , -0.36760731,
        0.00799522,  0.25549166,  0.28687867]), array([ 0.15617376, -0.44627351, -0.97646729,  0.22751223,  2.66323619,
        1.69137026, -0.12695182,  1.0160438 ,  0.71926069,  1.73148902,
        1.0147976 , -0.15617376, -0.19245009,  0.        , -0.36760731,
       -0.58459139, -0.75055897, -0.23883547]), array([ 0.15617376, -0.44627351,  1.02409984, -0.4187544 ,  0.84444074,
        0.45953038, -0.14184561, -1.00436575, -0.94547977,  0.03982013,
        0.32176509, -0.15617376, -0.19245009,  0.        , -0.36760731,
       -1.18076943, -0.78064022,  0.36805512]), array([ 0.15617376,  1.15573395,  1.02409984, -0.5110782 , -0.9743547 ,
       -0.82019021,  0.09645502,  0.30507563, -0.90487635, -1.07514346,
        0.32176509, -0.15617376, -0.19245009,  0.        , -0.36760731,
        0.92021944,  1.16127146,  0.35259294]), array([ 0.15617376, -0.553074  ,  1.02409984, -1.06502102, -0.9743547 ,
        1.31267743, -1.03547297,  0.89904904, -1.06729005, -0.22930901,
        1.0147976 , -0.15617376, -0.19245009,  0.        , -0.36760731,
       -0.36551392,  0.8671437 ,  1.39629013]), array([ 0.15617376, -0.44627351,  1.02409984,  0.96610266, -0.06495698,
        0.78598971,  0.43901217,  1.06104179, -0.41763524, -0.15241497,
       -1.75733243, -0.15617376, -0.19245009,  0.        ,  2.7202941 ,
        0.19834122,  0.92062148,  0.85124826]), array([ 0.15617376,  0.51493097,  1.02409984, -0.603402  , -0.9743547 ,
       -0.2369162 , -0.87164129, -0.81537421, -1.96056542, -1.30582558,
        1.0147976 , -0.15617376, -0.19245009,  0.        , -0.36760731,
       -0.45529977,  0.52956525,  1.1025087 ]), array([ 0.15617376, -0.01907152, -0.97646729,  0.50448364, -0.9743547 ,
        0.06342638,  0.8113569 ,  0.36807281,  0.02900245, -0.3830971 ,
        0.32176509, -0.15617376, -0.19245009,  0.        , -0.36760731,
        0.24143842,  0.60643955,  0.44150048]), array([ 0.15617376, -1.51427848,  1.02409984,  1.15075027, -0.06495698,
        0.55964457,  0.06666744, -0.93686877,  2.74943198, -1.11359048,
       -1.75733243, -0.15617376, -0.19245009,  0.        ,  2.7202941 ,
       -1.2095009 ,  0.27220346,  1.6166262 ]), array([ 0.15617376, -0.01907152,  1.02409984, -0.23410679,  0.84444074,
        0.72069784, -0.52908414,  0.89454924, -0.8236695 ,  0.73186649,
        1.0147976 , -0.15617376, -0.19245009,  0.        , -0.36760731,
        0.11932967,  0.02821112, -0.0958103 ]), array([ 0.15617376, -0.01907152,  1.02409984, -0.97269722, -0.06495698,
        2.54451732, -1.2737736 ,  0.62456133, -0.74246264,  0.30894927,
        1.0147976 , -0.15617376, -0.19245009,  0.        , -0.36760731,
       -1.6009672 ,  0.19532916,  1.94906308]), array([ 0.15617376, -0.766675  , -0.97646729, -0.88037342,  1.75383847,
        0.154835  , -1.02057918, -1.07186273,  1.00348467,  1.00099564,
       -0.37126742, -0.15617376, -0.19245009,  0.        , -0.36760731,
       -0.98324056, -1.66636586, -0.86891932]), array([ 0.15617376, -0.98027599,  1.02409984,  0.50448364, -0.9743547 ,
       -0.91595162,  0.51348112,  0.50756656,  2.26219087, -0.88290836,
        0.32176509, -0.15617376, -0.19245009,  0.        , -0.36760731,
        1.16084552,  1.14455966,  0.07427369]), array([ 0.15617376, -0.33947301,  1.02409984, -1.06502102,  0.84444074,
       -0.36749994, -0.00780151,  0.30057583, -0.37703181,  0.88565458,
       -0.37126742, -0.15617376, -0.19245009,  0.        , -0.36760731,
        0.54311888, -0.54667496, -1.21681839]), array([ 0.15617376, -0.8734755 , -0.97646729, -0.97269722, -0.9743547 ,
        0.19401012, -0.35035866, -1.25635447,  0.06960587, -0.61377922,
       -0.37126742, -0.15617376, -0.19245009,  0.        , -0.36760731,
       -1.16281226, -0.39961108,  0.78939954]), array([ 0.15617376,  1.36933495,  1.02409984,  0.68913125, -0.06495698,
        0.154835  ,  0.30496807, -0.8513726 , -0.25522153, -0.92135538,
        1.0147976 , -0.15617376, -0.19245009,  0.        , -0.36760731,
       -0.80726029,  0.16859028,  1.06385324]), array([ 0.15617376, -0.6598745 , -0.97646729, -0.69572581, -0.06495698,
        0.84257599, -0.40993382, -0.2349002 ,  0.06960587,  0.15516119,
        0.32176509, -0.15617376, -0.19245009,  0.        , -0.36760731,
       -0.88268041, -0.30936733,  0.59225674]), array([-6.40312424,  0.83533246,  1.02409984, -1.06502102, -0.9743547 ,
        0.13307104, -0.7227034 , -0.39689295,  0.19141615, -0.22930901,
        0.32176509, -0.15617376, -0.19245009,  0.        , -0.36760731,
       -0.42656829, -0.09545624,  0.34872739]), array([ 0.15617376, -1.40747798, -0.97646729,  1.8893407 ,  2.66323619,
        1.68266468, -0.21631456,  0.3950716 ,  0.06960587,  4.53812151,
       -1.75733243, -0.15617376, -0.19245009,  0.        ,  2.7202941 ,
       -1.07302641, -3.65172824, -3.06841451]), array([ 0.15617376,  2.01013793,  1.02409984, -0.14178298, -0.06495698,
        0.45953038, -0.4397214 ,  0.10258469, -0.09280783, -0.61377922,
        1.0147976 , -0.15617376, -0.19245009,  0.        , -0.36760731,
       -0.29727667,  0.60978191,  1.02519779]), array([ 0.15617376, -0.553074  ,  1.02409984,  0.13518843,  0.84444074,
        0.09824871, -0.67802203,  0.97554561, -0.45823866,  0.38584331,
       -1.75733243, -0.15617376, -0.19245009,  0.        ,  2.7202941 ,
        0.69755054,  0.3891861 , -0.30068419]), array([ 0.15617376, -1.51427848, -0.97646729, -0.78804961,  0.84444074,
        1.0340988 , -0.73759719,  0.60656213, -0.94547977,  1.34701882,
        0.32176509, -0.15617376, -0.19245009,  0.        , -0.36760731,
       -0.36910535, -0.72047772, -0.43597827]), array([ 0.15617376, -0.44627351,  1.02409984,  0.68913125, -0.9743547 ,
       -1.49922562, -0.93121645,  0.0665863 ,  0.75986411, -0.69067326,
       -0.37126742, -0.15617376, -0.19245009,  0.        , -0.36760731,
        1.29013714,  0.64989025, -0.63698662])]
Best: 0.729592 using {'batch_size': 20, 'learning_rate': 0.05, 'neurons1': 11, 'neurons2': 9}
0.7023809523809523
